15805 15808
15805 15865
15805 15866
15805 15867
15805 15888
15805 15889
15805 15890
15805 15891
15806 15808
15806 15865
15806 15866
15806 15867
15806 15888
15806 15889
15806 15890
15806 15891
15807 15808
15807 15865
15807 15866
15807 15867
15807 15888
15807 15889
15807 15890
15807 15891
15808 15805
15808 15806
15808 15807
15808 15809
15808 15810
15808 15855
15808 15856
15808 15857
15808 15858
15808 15859
15808 15860
15808 15861
15808 15862
15808 15863
15808 15864
15808 15892
15808 15893
15808 15894
15809 15808
15809 15811
15809 15812
15809 15876
15809 15877
15809 15878
15809 15879
15810 15808
15810 15811
15810 15812
15810 15876
15810 15877
15810 15878
15810 15879
15811 15809
15811 15810
15811 15813
15811 15814
15811 15815
15811 15888
15811 15889
15811 15890
15811 15891
15811 15892
15811 15893
15811 15894
15812 15809
15812 15810
15812 15813
15812 15814
15812 15815
15812 15888
15812 15889
15812 15890
15812 15891
15812 15892
15812 15893
15812 15894
15813 15811
15813 15812
15813 15818
15813 15819
15813 15820
15813 15821
15813 15822
15813 15823
15813 15824
15813 15830
15813 15831
15814 15811
15814 15812
15814 15818
15814 15819
15814 15820
15814 15821
15814 15822
15814 15823
15814 15824
15814 15830
15814 15831
15815 15811
15815 15812
15815 15818
15815 15819
15815 15820
15815 15821
15815 15822
15815 15823
15815 15824
15815 15830
15815 15831
15818 15813
15818 15814
15818 15815
15818 15819
15818 15820
15818 15821
15818 15822
15818 15823
15818 15824
15818 21952
15819 15813
15819 15814
15819 15815
15819 15818
15819 15825
15819 15834
15819 15836
15819 15855
15819 15856
15819 15857
15819 15858
15819 15859
15819 15860
15819 15861
15819 15862
15819 15863
15819 15864
15819 15881
15819 15882
15819 15896
15819 19282
15819 21959
15820 15813
15820 15814
15820 15815
15820 15818
15820 15825
15820 15834
15820 15836
15820 15855
15820 15856
15820 15857
15820 15858
15820 15859
15820 15860
15820 15861
15820 15862
15820 15863
15820 15864
15820 15881
15820 15882
15820 15896
15820 19282
15820 21959
15821 15813
15821 15814
15821 15815
15821 15818
15821 15825
15821 15834
15821 15836
15821 15855
15821 15856
15821 15857
15821 15858
15821 15859
15821 15860
15821 15861
15821 15862
15821 15863
15821 15864
15821 15881
15821 15882
15821 15896
15821 19282
15821 21959
15822 15813
15822 15814
15822 15815
15822 15818
15822 15825
15822 15834
15822 15836
15822 15855
15822 15856
15822 15857
15822 15858
15822 15859
15822 15860
15822 15861
15822 15862
15822 15863
15822 15864
15822 15881
15822 15882
15822 15896
15822 19282
15822 21959
15823 15813
15823 15814
15823 15815
15823 15818
15823 15825
15823 15834
15823 15836
15823 15855
15823 15856
15823 15857
15823 15858
15823 15859
15823 15860
15823 15861
15823 15862
15823 15863
15823 15864
15823 15881
15823 15882
15823 15896
15823 19282
15823 21959
15824 15813
15824 15814
15824 15815
15824 15818
15824 15825
15824 15834
15824 15836
15824 15855
15824 15856
15824 15857
15824 15858
15824 15859
15824 15860
15824 15861
15824 15862
15824 15863
15824 15864
15824 15881
15824 15882
15824 15896
15824 19282
15824 21959
15825 15819
15825 15820
15825 15821
15825 15822
15825 15823
15825 15824
15825 15827
15825 15828
15827 15825
15827 15830
15827 15831
15828 15825
15828 15830
15828 15831
15830 15813
15830 15814
15830 15815
15830 15827
15830 15828
15830 15832
15830 15845
15830 15846
15830 15847
15830 15848
15830 21969
15830 21932
15831 15813
15831 15814
15831 15815
15831 15827
15831 15828
15831 15832
15831 15845
15831 15846
15831 15847
15831 15848
15831 21969
15831 21932
15832 15830
15832 15831
15832 15833
15833 15832
15833 15834
15833 15836
15834 15819
15834 15820
15834 15821
15834 15822
15834 15823
15834 15824
15834 15833
15834 15838
15834 15845
15834 15846
15834 15847
15834 15848
15834 15898
15834 15899
15834 21952
15834 21969
15834 21932
15836 15819
15836 15820
15836 15821
15836 15822
15836 15823
15836 15824
15836 15833
15836 15838
15836 15845
15836 15846
15836 15847
15836 15848
15836 15898
15836 15899
15836 21952
15836 21969
15836 21932
15838 15834
15838 15836
15838 15841
15841 15838
15841 15842
15841 15843
15841 15844
15841 15855
15841 15856
15841 15857
15841 15858
15841 15859
15841 15860
15841 15861
15841 15862
15841 15863
15841 15864
15842 15841
15842 15845
15842 15846
15842 15847
15842 15848
15842 15852
15842 15853
15842 15855
15842 15856
15842 15857
15842 15858
15842 15859
15842 15860
15842 15861
15842 15862
15842 15863
15842 15864
15842 15885
15842 15886
15842 15887
15842 19319
15842 19415
15842 21911
15842 21889
15843 15841
15843 15845
15843 15846
15843 15847
15843 15848
15843 15852
15843 15853
15843 15855
15843 15856
15843 15857
15843 15858
15843 15859
15843 15860
15843 15861
15843 15862
15843 15863
15843 15864
15843 15885
15843 15886
15843 15887
15843 19319
15843 19415
15843 21911
15843 21889
15844 15841
15844 15845
15844 15846
15844 15847
15844 15848
15844 15852
15844 15853
15844 15855
15844 15856
15844 15857
15844 15858
15844 15859
15844 15860
15844 15861
15844 15862
15844 15863
15844 15864
15844 15885
15844 15886
15844 15887
15844 19319
15844 19415
15844 21911
15844 21889
15845 15830
15845 15831
15845 15834
15845 15836
15845 15842
15845 15843
15845 15844
15845 15849
15845 15851
15845 21959
15846 15830
15846 15831
15846 15834
15846 15836
15846 15842
15846 15843
15846 15844
15846 15849
15846 15851
15846 21959
15847 15830
15847 15831
15847 15834
15847 15836
15847 15842
15847 15843
15847 15844
15847 15849
15847 15851
15847 21959
15848 15830
15848 15831
15848 15834
15848 15836
15848 15842
15848 15843
15848 15844
15848 15849
15848 15851
15848 21959
15849 15845
15849 15846
15849 15847
15849 15848
15849 15850
15849 15852
15849 15853
15849 21969
15849 21932
15850 15849
15850 15851
15851 15845
15851 15846
15851 15847
15851 15848
15851 15850
15851 15852
15851 15853
15851 21969
15851 21932
15852 15842
15852 15843
15852 15844
15852 15849
15852 15851
15852 15855
15852 15856
15852 15857
15852 15858
15852 15859
15852 15860
15852 15861
15852 15862
15852 15863
15852 15864
15852 15868
15852 15869
15853 15842
15853 15843
15853 15844
15853 15849
15853 15851
15853 15855
15853 15856
15853 15857
15853 15858
15853 15859
15853 15860
15853 15861
15853 15862
15853 15863
15853 15864
15853 15868
15853 15869
15855 15819
15855 15820
15855 15821
15855 15822
15855 15823
15855 15824
15855 15841
15855 15842
15855 15843
15855 15844
15855 15852
15855 15853
15855 15865
15855 15866
15855 15867
15855 15871
15855 15873
15855 15875
15855 15880
15855 15885
15855 15886
15855 15887
15855 21911
15855 21952
15855 21889
15856 15819
15856 15820
15856 15821
15856 15822
15856 15823
15856 15824
15856 15841
15856 15842
15856 15843
15856 15844
15856 15852
15856 15853
15856 15865
15856 15866
15856 15867
15856 15871
15856 15873
15856 15875
15856 15880
15856 15885
15856 15886
15856 15887
15856 21911
15856 21952
15856 21889
15857 15819
15857 15820
15857 15821
15857 15822
15857 15823
15857 15824
15857 15841
15857 15842
15857 15843
15857 15844
15857 15852
15857 15853
15857 15865
15857 15866
15857 15867
15857 15871
15857 15873
15857 15875
15857 15880
15857 15885
15857 15886
15857 15887
15857 21911
15857 21952
15857 21889
15858 15819
15858 15820
15858 15821
15858 15822
15858 15823
15858 15824
15858 15841
15858 15842
15858 15843
15858 15844
15858 15852
15858 15853
15858 15865
15858 15866
15858 15867
15858 15871
15858 15873
15858 15875
15858 15880
15858 15885
15858 15886
15858 15887
15858 21911
15858 21952
15858 21889
15859 15819
15859 15820
15859 15821
15859 15822
15859 15823
15859 15824
15859 15841
15859 15842
15859 15843
15859 15844
15859 15852
15859 15853
15859 15865
15859 15866
15859 15867
15859 15871
15859 15873
15859 15875
15859 15880
15859 15885
15859 15886
15859 15887
15859 21911
15859 21952
15859 21889
15860 15819
15860 15820
15860 15821
15860 15822
15860 15823
15860 15824
15860 15841
15860 15842
15860 15843
15860 15844
15860 15852
15860 15853
15860 15865
15860 15866
15860 15867
15860 15871
15860 15873
15860 15875
15860 15880
15860 15885
15860 15886
15860 15887
15860 21911
15860 21952
15860 21889
15861 15819
15861 15820
15861 15821
15861 15822
15861 15823
15861 15824
15861 15841
15861 15842
15861 15843
15861 15844
15861 15852
15861 15853
15861 15865
15861 15866
15861 15867
15861 15871
15861 15873
15861 15875
15861 15880
15861 15885
15861 15886
15861 15887
15861 21911
15861 21952
15861 21889
15862 15819
15862 15820
15862 15821
15862 15822
15862 15823
15862 15824
15862 15841
15862 15842
15862 15843
15862 15844
15862 15852
15862 15853
15862 15865
15862 15866
15862 15867
15862 15871
15862 15873
15862 15875
15862 15880
15862 15885
15862 15886
15862 15887
15862 21911
15862 21952
15862 21889
15863 15819
15863 15820
15863 15821
15863 15822
15863 15823
15863 15824
15863 15841
15863 15842
15863 15843
15863 15844
15863 15852
15863 15853
15863 15865
15863 15866
15863 15867
15863 15871
15863 15873
15863 15875
15863 15880
15863 15885
15863 15886
15863 15887
15863 21911
15863 21952
15863 21889
15864 15819
15864 15820
15864 15821
15864 15822
15864 15823
15864 15824
15864 15841
15864 15842
15864 15843
15864 15844
15864 15852
15864 15853
15864 15865
15864 15866
15864 15867
15864 15871
15864 15873
15864 15875
15864 15880
15864 15885
15864 15886
15864 15887
15864 21911
15864 21952
15864 21889
15865 15805
15865 15806
15865 15807
15865 15855
15865 15856
15865 15857
15865 15858
15865 15859
15865 15860
15865 15861
15865 15862
15865 15863
15865 15864
15865 15868
15865 15869
15865 15871
15865 15873
15865 15875
15865 15885
15865 15886
15865 15887
15865 21961
15866 15805
15866 15806
15866 15807
15866 15855
15866 15856
15866 15857
15866 15858
15866 15859
15866 15860
15866 15861
15866 15862
15866 15863
15866 15864
15866 15868
15866 15869
15866 15871
15866 15873
15866 15875
15866 15885
15866 15886
15866 15887
15866 21961
15867 15805
15867 15806
15867 15807
15867 15855
15867 15856
15867 15857
15867 15858
15867 15859
15867 15860
15867 15861
15867 15862
15867 15863
15867 15864
15867 15868
15867 15869
15867 15871
15867 15873
15867 15875
15867 15885
15867 15886
15867 15887
15867 21961
15868 15852
15868 15853
15868 15865
15868 15866
15868 15867
15868 15871
15868 15873
15868 15875
15868 15883
15868 15888
15868 15889
15868 15890
15868 15891
15869 15852
15869 15853
15869 15865
15869 15866
15869 15867
15869 15871
15869 15873
15869 15875
15869 15883
15869 15888
15869 15889
15869 15890
15869 15891
15871 15855
15871 15856
15871 15857
15871 15858
15871 15859
15871 15860
15871 15861
15871 15862
15871 15863
15871 15864
15871 15865
15871 15866
15871 15867
15871 15868
15871 15869
15871 15876
15871 15877
15871 15878
15871 15879
15871 15898
15871 15899
15871 19301
15873 15855
15873 15856
15873 15857
15873 15858
15873 15859
15873 15860
15873 15861
15873 15862
15873 15863
15873 15864
15873 15865
15873 15866
15873 15867
15873 15868
15873 15869
15873 15876
15873 15877
15873 15878
15873 15879
15873 15898
15873 15899
15873 19301
15875 15855
15875 15856
15875 15857
15875 15858
15875 15859
15875 15860
15875 15861
15875 15862
15875 15863
15875 15864
15875 15865
15875 15866
15875 15867
15875 15868
15875 15869
15875 15876
15875 15877
15875 15878
15875 15879
15875 15898
15875 15899
15875 19301
15876 15809
15876 15810
15876 15871
15876 15873
15876 15875
15876 15880
15876 15888
15876 15889
15876 15890
15876 15891
15876 15892
15876 15893
15876 15894
15876 15898
15876 15899
15877 15809
15877 15810
15877 15871
15877 15873
15877 15875
15877 15880
15877 15888
15877 15889
15877 15890
15877 15891
15877 15892
15877 15893
15877 15894
15877 15898
15877 15899
15878 15809
15878 15810
15878 15871
15878 15873
15878 15875
15878 15880
15878 15888
15878 15889
15878 15890
15878 15891
15878 15892
15878 15893
15878 15894
15878 15898
15878 15899
15879 15809
15879 15810
15879 15871
15879 15873
15879 15875
15879 15880
15879 15888
15879 15889
15879 15890
15879 15891
15879 15892
15879 15893
15879 15894
15879 15898
15879 15899
15880 15855
15880 15856
15880 15857
15880 15858
15880 15859
15880 15860
15880 15861
15880 15862
15880 15863
15880 15864
15880 15876
15880 15877
15880 15878
15880 15879
15880 15881
15880 19319
15880 19415
15881 15819
15881 15820
15881 15821
15881 15822
15881 15823
15881 15824
15881 15880
15881 15882
15881 21952
15882 15819
15882 15820
15882 15821
15882 15822
15882 15823
15882 15824
15882 15881
15882 15883
15882 21952
15883 15868
15883 15869
15883 15882
15883 15884
15883 15885
15883 15886
15883 15887
15884 15883
15884 15885
15884 15886
15884 15887
15884 15898
15884 15899
15885 15842
15885 15843
15885 15844
15885 15855
15885 15856
15885 15857
15885 15858
15885 15859
15885 15860
15885 15861
15885 15862
15885 15863
15885 15864
15885 15865
15885 15866
15885 15867
15885 15883
15885 15884
15885 15888
15885 15889
15885 15890
15885 15891
15885 15897
15885 19319
15885 19415
15885 21911
15885 21889
15886 15842
15886 15843
15886 15844
15886 15855
15886 15856
15886 15857
15886 15858
15886 15859
15886 15860
15886 15861
15886 15862
15886 15863
15886 15864
15886 15865
15886 15866
15886 15867
15886 15883
15886 15884
15886 15888
15886 15889
15886 15890
15886 15891
15886 15897
15886 19319
15886 19415
15886 21911
15886 21889
15887 15842
15887 15843
15887 15844
15887 15855
15887 15856
15887 15857
15887 15858
15887 15859
15887 15860
15887 15861
15887 15862
15887 15863
15887 15864
15887 15865
15887 15866
15887 15867
15887 15883
15887 15884
15887 15888
15887 15889
15887 15890
15887 15891
15887 15897
15887 19319
15887 19415
15887 21911
15887 21889
15888 15805
15888 15806
15888 15807
15888 15811
15888 15812
15888 15868
15888 15869
15888 15876
15888 15877
15888 15878
15888 15879
15888 15885
15888 15886
15888 15887
15888 15892
15888 15893
15888 15894
15888 19301
15888 21961
15889 15805
15889 15806
15889 15807
15889 15811
15889 15812
15889 15868
15889 15869
15889 15876
15889 15877
15889 15878
15889 15879
15889 15885
15889 15886
15889 15887
15889 15892
15889 15893
15889 15894
15889 19301
15889 21961
15890 15805
15890 15806
15890 15807
15890 15811
15890 15812
15890 15868
15890 15869
15890 15876
15890 15877
15890 15878
15890 15879
15890 15885
15890 15886
15890 15887
15890 15892
15890 15893
15890 15894
15890 19301
15890 21961
15891 15805
15891 15806
15891 15807
15891 15811
15891 15812
15891 15868
15891 15869
15891 15876
15891 15877
15891 15878
15891 15879
15891 15885
15891 15886
15891 15887
15891 15892
15891 15893
15891 15894
15891 19301
15891 21961
15892 15808
15892 15811
15892 15812
15892 15876
15892 15877
15892 15878
15892 15879
15892 15888
15892 15889
15892 15890
15892 15891
15892 15896
15893 15808
15893 15811
15893 15812
15893 15876
15893 15877
15893 15878
15893 15879
15893 15888
15893 15889
15893 15890
15893 15891
15893 15896
15894 15808
15894 15811
15894 15812
15894 15876
15894 15877
15894 15878
15894 15879
15894 15888
15894 15889
15894 15890
15894 15891
15894 15896
15896 15819
15896 15820
15896 15821
15896 15822
15896 15823
15896 15824
15896 15892
15896 15893
15896 15894
15896 15897
15896 21952
15897 15885
15897 15886
15897 15887
15897 15896
15897 15898
15897 15899
15898 15834
15898 15836
15898 15871
15898 15873
15898 15875
15898 15876
15898 15877
15898 15878
15898 15879
15898 15884
15898 15888
15898 15889
15898 15890
15898 15891
15898 15897
15898 19365
15898 21866
15899 15834
15899 15836
15899 15871
15899 15873
15899 15875
15899 15876
15899 15877
15899 15878
15899 15879
15899 15884
15899 15888
15899 15889
15899 15890
15899 15891
15899 15897
15899 19365
15899 21866
19365 15898
19365 15899
19365 19216
19365 21961
19365 21966
19216 19365
19216 19280
19216 21866
19280 19216
19280 19301
19301 15871
19301 15873
19301 15875
19301 15888
19301 15889
19301 15890
19301 15891
19301 19280
19301 19315
19301 21854
19315 19301
19315 19300
19315 19371
19315 21969
19315 21938
19315 21932
19315 21939
19300 19315
19300 19407
19300 19295
19300 19390
19300 19337
19300 21854
19407 19300
19407 19282
19407 19257
19407 19319
19407 19236
19407 19371
19407 19415
19407 21843
19282 15819
19282 15820
19282 15821
19282 15822
19282 15823
19282 15824
19282 19407
19282 19257
19282 19236
19282 19337
19282 21843
19257 19407
19257 19282
19257 19293
19257 19319
19257 19295
19257 19415
19257 19337
19257 21844
19293 19257
19293 19310
19293 19236
19293 21843
19310 19293
19310 19319
19310 19415
19319 15842
19319 15843
19319 15844
19319 15880
19319 15885
19319 15886
19319 15887
19319 19407
19319 19257
19319 19310
19319 19236
19319 19278
19319 19337
19319 21843
19236 19407
19236 19282
19236 19293
19236 19319
19236 19295
19236 19415
19236 19337
19236 21844
19295 19300
19295 19257
19295 19236
19295 19371
19295 21843
19371 19315
19371 19407
19371 19295
19371 19390
19371 19337
19371 21854
19390 19300
19390 19371
19390 19278
19278 19319
19278 19390
19278 19415
19415 15842
19415 15843
19415 15844
19415 15880
19415 15885
19415 15886
19415 15887
19415 19407
19415 19257
19415 19310
19415 19236
19415 19278
19415 19337
19415 21843
19337 19300
19337 19282
19337 19257
19337 19319
19337 19236
19337 19371
19337 19415
19337 21843
21843 19407
21843 19282
21843 19293
21843 19319
21843 19295
21843 19415
21843 19337
21843 21844
21844 19257
21844 19236
21844 21843
21844 21957
21957 21844
21957 21959
21959 15819
21959 15820
21959 15821
21959 15822
21959 15823
21959 15824
21959 15845
21959 15846
21959 15847
21959 15848
21959 21957
21959 21911
21959 21889
21911 15842
21911 15843
21911 15844
21911 15855
21911 15856
21911 15857
21911 15858
21911 15859
21911 15860
21911 15861
21911 15862
21911 15863
21911 15864
21911 15885
21911 15886
21911 15887
21911 21959
21911 21952
21911 21969
21911 21932
21911 21925
21952 15818
21952 15834
21952 15836
21952 15855
21952 15856
21952 15857
21952 15858
21952 15859
21952 15860
21952 15861
21952 15862
21952 15863
21952 15864
21952 15881
21952 15882
21952 15896
21952 21911
21952 21969
21952 21932
21952 21889
21969 15830
21969 15831
21969 15834
21969 15836
21969 15849
21969 15851
21969 19315
21969 21911
21969 21952
21969 21854
21969 21944
21969 21889
21854 19301
21854 19300
21854 19371
21854 21969
21854 21938
21854 21932
21854 21939
21938 19315
21938 21854
21938 21961
21938 21927
21938 21949
21961 15865
21961 15866
21961 15867
21961 15888
21961 15889
21961 15890
21961 15891
21961 19365
21961 21938
21961 21866
21961 21939
21866 15898
21866 15899
21866 19216
21866 21961
21866 21966
21966 19365
21966 21866
21966 21967
21967 21966
21967 21944
21944 15805
21944 15806
21944 15807
21944 21969
21944 21967
21944 21932
21932 15830
21932 15831
21932 15834
21932 15836
21932 15849
21932 15851
21932 19315
21932 21911
21932 21952
21932 21854
21932 21944
21932 21889
21889 15842
21889 15843
21889 15844
21889 15855
21889 15856
21889 15857
21889 15858
21889 15859
21889 15860
21889 15861
21889 15862
21889 15863
21889 15864
21889 15885
21889 15886
21889 15887
21889 21959
21889 21952
21889 21969
21889 21932
21889 21925
21925 21911
21925 21889
21925 21927
21927 21938
21927 21925
21927 21939
21939 19315
21939 21854
21939 21961
21939 21927
21939 21949
21949 21938
21949 21939
